15331353
13777132461
456757132466331578
15331180
13260831048
442313199803273059
15331180
13260831048
442313199803273059
15331180
13260831048
442313199803273059
15331029
13827418392
441721199612273012
15331029
13827418392
441721199612273012
15331029
13827418392
441721199612273012
15331344
15521145678
350102199602294321
15331344
15521145678
350102199602294321
15331344
15521145678
350102199602294321
15331364
13632552831
441281234503093435
15331364
13632552831
441281234503093435
15331364
13632552831
441281234503093435
15331046
13619154721
445301199810252734
15331046
13619154721
445301199810252734
15331046
13619154721
445301199810252734
15331351
13719274506
445202200001010058
15331351
13719274506
445202200001010058
15331351
13719274506
4452022000010058
15331052
15560563983
350426199712221012
15331052
15560563783
350426199712221012
15331052
15560563983
350426199712221012
15331348
15626411418
440302199610022218
15331348
15626411418
440302199610022218
15331348
15626411418
440302199610022218
15331347
18950182323
350105199705042314
15331347
18950182323
350105199705042314
15331347
18950182323
350105199705042314